GO:0042592;GO:0065008	GO:0051186	GO:0009056	unknown;GO:0003674	GO:0006397;GO:0006396;GO:0016071	GO:0006996	GO:0032502	GO:0051301	GO:0007267;GO:0007154;GO:0023052	GO:0022607	GO:0022618;GO:0034622;GO:0071826	GO:0042254;GO:0022613;GO:0044085	GO:0090304;GO:0006139;GO:0006725;GO:0046483;GO:1901360	GO:0006913;GO:0051169	GO:0061024	GO:0000003	unknown;GO:0003674;GO:0005575;GO:0007165;GO:0016192	GO:0003674;unknown	GO:0006412;GO:0034645;GO:0043043;GO:0009059;GO:0044249;GO:0006518;GO:0043604;GO:1901566;GO:1901576;GO:0043603;GO:0044271	GO:0006457	GO:0044267;GO:0019538;GO:1901564	GO:0050877;GO:0003008;GO:0032501	GO:0030705	GO:0007049	GO:0006629	GO:0006091	GO:0007059	GO:0003674;GO:0007165;unknown	unknown	GO:0007155;GO:0022610	GO:0046907;GO:0051641;GO:0051649	GO:0065003;GO:0043933	GO:0006914;GO:0061919	GO:0006810;GO:0051234;GO:0051179	GO:0008219	GO:0055085	GO:0016043;GO:0071840	GO:0003674;GO:0006259;unknown	GO:0007034	GO:0002376	GO:0000902;GO:0009653	GO:0030154;GO:0048869	GO:0005975	GO:0048646	GO:0048856	GO:0048870;GO:0006928	GO:0003677;GO:0006259;unknown	GO:0140014;GO:0000280;GO:1903047;GO:0048285;GO:0022402	GO:0051276	GO:0006464;GO:0036211;GO:0043412	GO:0003674;GO:0005575;GO:0007165;unknown	GO:0007005	GO:0000278	GO:0044281	GO:0006259	GO:0043167;unknown	GO:0040011	GO:0040007	GO:0006790	GO:0007010	GO:0006950;GO:0050896	GO:0044248;GO:0034655;GO:0019439;GO:0044270;GO:0046700;GO:1901361;GO:1901575	GO:0009058	GO:0016192	GO:0006399;GO:0034660	GO:0016070	GO:0006605;GO:0006886;GO:0015031;GO:0015833;GO:0045184;GO:0042886;GO:0071702;GO:0008104;GO:0071705;GO:0006820;GO:0033036;GO:0006811	GO:0006520;GO:0019752;GO:0043436;GO:0006082	unknown;GO:0043167	GO:0007009	GO:0008283	GO:0071554	GO:0051604
0	0.989	0.957	1.000	1.000	0.809	1.000	1.000	1.000	0.989	1.000	1.000	0.809	1.000	1.000	1.000	1.000	1.000	1.000	1.000	0.968	0.947	1.000	1.000	0.979	0.947	1.000	1.000	1	1.000	1.000	0.989	1.000	0.926	1.000	0.989	0.798	1.000	1.000	1.000	1.000	1.000	0.947	1.000	1.000	1.000	1.000	1.000	0.809	0.979	1.000	1.000	1.000	0.851	0.809	1.000	1.000	0.971	0.988	1.000	0.830	1.000	0.915	0.989	1.000	1.000	0.968	0.979	1.000	1.000	1.000	1.000	1.000
0.989	0	0.778	1.000	1.000	1.000	1.000	1.000	1.000	0.993	1.000	1.000	0.963	1.000	1.000	1.000	1.000	1.000	0.985	1.000	0.822	1.000	1.000	1.000	0.904	0.847	1.000	1.000	1	1.000	1.000	1.000	1.000	0.933	1.000	0.933	0.993	1.000	1.000	1.000	1.000	1.000	0.948	1.000	1.000	1.000	1.000	1.000	1.000	0.963	1.000	1.000	1.000	0.348	1.000	1.000	1.000	1.000	0.317	1.000	0.919	0.956	0.452	1.000	0.975	0.985	1.000	0.859	1.000	1.000	1.000	1.000	1.000
0.957	0.778	0	1.000	0.938	0.872	1.000	0.947	0.992	0.986	1.000	1.000	0.841	1.000	1.000	1.000	1.000	1.000	0.993	1.000	0.726	1.000	1.000	0.978	0.691	0.714	0.971	1.000	1	1.000	1.000	1.000	0.000	0.975	1.000	1.000	0.877	1.000	1.000	0.951	1.000	1.000	0.797	1.000	1.000	1.000	1.000	0.952	0.945	0.874	1.000	0.450	0.952	0.662	0.949	1.000	1.000	1.000	0.768	1.000	0.948	0.000	0.813	0.988	1.000	0.969	1.000	0.827	1.000	1.000	1.000	0.333	1.000
1.000	1.000	1.000	0	1.000	1.000	1.000	1.000	1.000	1.000	1.000	1.000	1.000	1.000	1.000	1.000	1.000	1.000	1.000	1.000	1.000	1.000	1.000	1.000	1.000	1.000	1.000	1.000	1	1.000	1.000	1.000	1.000	1.000	1.000	1.000	1.000	1.000	1.000	1.000	1.000	1.000	1.000	1.000	1.000	1.000	1.000	1.000	1.000	1.000	1.000	1.000	1.000	1.000	1.000	1.000	1.000	1.000	1.000	1.000	1.000	1.000	1.000	1.000	1.000	1.000	1.000	1.000	1.000	1.000	1.000	1.000	1.000
1.000	1.000	0.938	1.000	0	1.000	1.000	1.000	1.000	0.800	0.304	1.000	0.000	0.929	1.000	1.000	1.000	1.000	1.000	1.000	0.900	1.000	1.000	1.000	1.000	1.000	1.000	1.000	1	1.000	0.969	0.800	1.000	0.963	1.000	1.000	0.800	1.000	1.000	1.000	1.000	1.000	1.000	1.000	1.000	1.000	1.000	1.000	1.000	0.900	1.000	1.000	1.000	0.988	0.988	1.000	1.000	1.000	1.000	1.000	0.988	0.926	1.000	1.000	1.000	0.000	1.000	0.988	1.000	1.000	1.000	1.000	1.000
0.809	1.000	0.872	1.000	1.000	0	0.905	0.737	0.983	0.616	1.000	0.993	0.900	0.964	0.871	0.867	1.000	1.000	1.000	1.000	0.841	0.947	0.857	0.685	0.996	1.000	0.286	1.000	1	0.970	0.800	0.582	1.000	0.953	0.994	0.983	0.000	1.000	1.000	0.976	0.600	0.808	1.000	1.000	0.905	0.667	1.000	0.000	0.000	0.859	1.000	0.000	0.762	0.969	0.898	1.000	0.765	0.943	1.000	0.000	0.904	0.985	0.887	0.994	1.000	1.000	0.645	0.969	1.000	1.000	0.914	1.000	0.808
1.000	1.000	1.000	1.000	1.000	0.905	0	1.000	0.800	0.943	1.000	1.000	1.000	1.000	1.000	0.867	1.000	1.000	1.000	0.980	0.914	0.842	1.000	0.989	0.990	1.000	1.000	1.000	1	0.905	1.000	0.990	1.000	0.924	0.981	1.000	0.867	1.000	1.000	0.976	0.000	0.000	1.000	0.000	0.000	0.833	1.000	1.000	0.981	0.924	1.000	1.000	1.000	0.962	1.000	1.000	0.647	0.829	1.000	0.924	0.943	1.000	0.829	0.971	1.000	1.000	1.000	0.990	1.000	1.000	0.943	1.000	0.962
1.000	1.000	0.947	1.000	1.000	0.737	1.000	0	1.000	0.842	1.000	1.000	0.895	1.000	1.000	1.000	1.000	1.000	1.000	1.000	0.895	1.000	0.857	0.263	1.000	1.000	0.895	1.000	1	1.000	0.947	1.000	0.923	0.842	0.947	1.000	0.737	1.000	1.000	1.000	1.000	1.000	1.000	1.000	1.000	1.000	1.000	1.000	1.000	0.895	1.000	1.000	0.632	0.947	0.895	1.000	1.000	1.000	1.000	0.737	0.947	0.947	0.895	0.895	1.000	1.000	1.000	0.947	1.000	1.000	1.000	1.000	1.000
1.000	1.000	0.992	1.000	1.000	0.983	0.800	1.000	0	0.992	1.000	1.000	1.000	1.000	1.000	1.000	1.000	1.000	1.000	1.000	0.983	0.947	1.000	1.000	0.992	1.000	1.000	1.000	1	1.000	1.000	1.000	1.000	0.892	1.000	0.942	0.983	1.000	1.000	1.000	1.000	1.000	1.000	1.000	0.667	1.000	1.000	1.000	1.000	0.992	1.000	0.983	1.000	0.992	1.000	1.000	0.941	1.000	1.000	0.991	1.000	1.000	0.975	0.983	1.000	1.000	1.000	1.000	1.000	1.000	1.000	1.000	0.962
0.989	0.993	0.986	1.000	0.800	0.616	0.943	0.842	0.992	0	0.000	0.971	0.919	0.964	0.484	1.000	1.000	1.000	1.000	0.940	0.953	0.947	0.429	0.809	1.000	1.000	0.971	1.000	1	0.993	0.923	0.000	0.769	0.938	0.994	1.000	0.000	1.000	1.000	1.000	0.900	0.923	1.000	1.000	0.921	0.750	1.000	0.952	0.828	0.957	1.000	0.900	0.905	0.991	0.995	1.000	0.824	1.000	0.927	0.561	0.995	0.956	0.972	0.969	1.000	0.900	1.000	0.991	1.000	0.125	1.000	1.000	0.962
1.000	1.000	1.000	1.000	0.304	1.000	1.000	1.000	1.000	0.000	0	0.826	0.304	1.000	1.000	1.000	1.000	1.000	1.000	1.000	0.957	1.000	1.000	1.000	1.000	1.000	1.000	1.000	1	1.000	1.000	0.000	1.000	1.000	1.000	1.000	0.000	1.000	1.000	1.000	1.000	1.000	1.000	1.000	1.000	1.000	1.000	1.000	1.000	0.957	1.000	1.000	1.000	1.000	1.000	1.000	1.000	1.000	1.000	1.000	1.000	1.000	1.000	1.000	1.000	0.304	1.000	1.000	1.000	1.000	1.000	1.000	1.000
1.000	1.000	1.000	1.000	1.000	0.993	1.000	1.000	1.000	0.971	0.826	0	0.986	0.964	1.000	1.000	1.000	1.000	0.302	1.000	0.302	1.000	1.000	1.000	1.000	1.000	1.000	1.000	1	1.000	0.985	0.971	1.000	0.993	1.000	1.000	0.000	1.000	1.000	1.000	1.000	1.000	1.000	1.000	1.000	1.000	1.000	1.000	1.000	1.000	1.000	1.000	1.000	1.000	0.986	1.000	1.000	1.000	1.000	0.991	0.986	1.000	0.302	1.000	1.000	1.000	1.000	1.000	1.000	1.000	1.000	1.000	1.000
0.809	0.963	0.841	1.000	0.000	0.900	1.000	0.895	1.000	0.919	0.304	0.986	0	0.929	1.000	0.600	1.000	1.000	0.768	1.000	0.884	1.000	1.000	0.876	1.000	1.000	0.857	1.000	1	0.993	0.969	0.879	1.000	0.992	0.994	1.000	0.902	1.000	1.000	0.927	1.000	1.000	1.000	1.000	1.000	1.000	1.000	0.952	0.786	0.961	1.000	0.983	0.952	0.896	0.000	1.000	1.000	1.000	0.939	1.000	0.474	0.191	0.823	0.994	0.000	0.000	1.000	0.907	1.000	1.000	1.000	1.000	1.000
1.000	1.000	1.000	1.000	0.929	0.964	1.000	1.000	1.000	0.964	1.000	0.964	0.929	0	1.000	1.000	1.000	1.000	1.000	1.000	1.000	1.000	1.000	1.000	1.000	1.000	1.000	1.000	1	1.000	0.000	0.964	1.000	0.000	1.000	1.000	0.929	1.000	1.000	1.000	1.000	1.000	1.000	1.000	1.000	1.000	1.000	1.000	1.000	1.000	1.000	1.000	1.000	1.000	1.000	1.000	1.000	1.000	1.000	0.964	1.000	1.000	0.964	1.000	1.000	0.929	1.000	1.000	1.000	1.000	1.000	1.000	1.000
1.000	1.000	1.000	1.000	1.000	0.871	1.000	1.000	1.000	0.484	1.000	1.000	1.000	1.000	0	1.000	1.000	1.000	1.000	1.000	0.968	1.000	1.000	0.968	1.000	1.000	1.000	1.000	1	1.000	0.935	0.935	1.000	0.581	0.968	1.000	0.000	1.000	1.000	1.000	1.000	1.000	1.000	1.000	1.000	1.000	1.000	1.000	1.000	0.968	1.000	0.871	0.952	1.000	1.000	1.000	1.000	1.000	1.000	1.000	0.968	1.000	1.000	0.806	1.000	1.000	0.935	1.000	1.000	0.000	1.000	1.000	1.000
1.000	1.000	1.000	1.000	1.000	0.867	0.867	1.000	1.000	1.000	1.000	1.000	0.600	1.000	1.000	0	1.000	1.000	1.000	1.000	1.000	1.000	1.000	0.400	1.000	1.000	0.667	1.000	1	1.000	1.000	1.000	1.000	1.000	1.000	1.000	0.867	1.000	1.000	1.000	1.000	0.867	1.000	1.000	0.933	1.000	1.000	1.000	0.867	1.000	1.000	1.000	1.000	0.933	0.600	1.000	1.000	1.000	1.000	1.000	0.733	1.000	0.867	1.000	1.000	1.000	1.000	1.000	1.000	1.000	1.000	1.000	1.000
1.000	1.000	1.000	1.000	1.000	1.000	1.000	1.000	1.000	1.000	1.000	1.000	1.000	1.000	1.000	1.000	0	1.000	1.000	1.000	1.000	1.000	1.000	1.000	1.000	1.000	1.000	1.000	1	1.000	1.000	1.000	1.000	1.000	1.000	1.000	1.000	1.000	1.000	1.000	1.000	1.000	1.000	1.000	1.000	1.000	1.000	1.000	1.000	1.000	1.000	1.000	1.000	1.000	1.000	1.000	1.000	1.000	1.000	1.000	1.000	1.000	1.000	1.000	1.000	1.000	1.000	1.000	1.000	1.000	1.000	1.000	1.000
1.000	1.000	1.000	1.000	1.000	1.000	1.000	1.000	1.000	1.000	1.000	1.000	1.000	1.000	1.000	1.000	1.000	0	1.000	1.000	1.000	1.000	1.000	1.000	1.000	1.000	1.000	1.000	1	1.000	1.000	1.000	1.000	1.000	1.000	1.000	1.000	1.000	1.000	1.000	1.000	1.000	1.000	1.000	1.000	1.000	1.000	1.000	1.000	1.000	1.000	1.000	1.000	1.000	1.000	1.000	1.000	1.000	1.000	1.000	1.000	1.000	1.000	1.000	1.000	1.000	1.000	1.000	1.000	1.000	1.000	1.000	1.000
1.000	0.985	0.993	1.000	1.000	1.000	1.000	1.000	1.000	1.000	1.000	0.302	0.768	1.000	1.000	1.000	1.000	1.000	0	1.000	0.000	1.000	1.000	1.000	0.993	1.000	1.000	1.000	1	1.000	0.985	1.000	1.000	0.993	1.000	1.000	0.317	1.000	1.000	1.000	1.000	1.000	1.000	1.000	1.000	1.000	1.000	1.000	1.000	0.972	1.000	1.000	1.000	0.789	0.986	1.000	1.000	1.000	0.976	1.000	0.986	0.985	0.000	1.000	0.625	0.789	0.968	0.789	1.000	1.000	1.000	1.000	1.000
1.000	1.000	1.000	1.000	1.000	1.000	0.980	1.000	1.000	0.940	1.000	1.000	1.000	1.000	1.000	1.000	1.000	1.000	1.000	0	0.820	1.000	1.000	1.000	1.000	1.000	1.000	1.000	1	1.000	1.000	0.960	1.000	1.000	1.000	1.000	0.940	1.000	1.000	1.000	0.900	1.000	1.000	1.000	1.000	1.000	1.000	1.000	1.000	0.820	1.000	1.000	1.000	0.980	1.000	1.000	1.000	1.000	1.000	1.000	0.940	1.000	1.000	1.000	1.000	1.000	1.000	0.980	1.000	1.000	1.000	1.000	1.000
0.968	0.822	0.726	1.000	0.900	0.841	0.914	0.895	0.983	0.953	0.957	0.302	0.884	1.000	0.968	1.000	1.000	1.000	0.000	0.820	0	0.895	1.000	0.730	0.876	0.929	0.943	1.000	1	0.993	0.908	0.957	1.000	0.973	0.963	1.000	0.736	1.000	1.000	0.951	1.000	0.923	0.970	1.000	0.857	1.000	1.000	0.952	0.710	0.000	1.000	0.917	0.667	0.453	0.946	1.000	1.000	0.914	0.683	0.965	0.893	0.926	0.701	0.975	0.613	0.756	0.806	0.000	1.000	1.000	0.943	0.667	0.000
0.947	1.000	1.000	1.000	1.000	0.947	0.842	1.000	0.947	0.947	1.000	1.000	1.000	1.000	1.000	1.000	1.000	1.000	1.000	1.000	0.895	0	1.000	1.000	1.000	1.000	1.000	1.000	1	0.947	1.000	0.947	1.000	0.947	1.000	1.000	0.895	1.000	1.000	1.000	1.000	1.000	1.000	1.000	0.842	1.000	1.000	1.000	1.000	0.947	1.000	1.000	1.000	0.947	1.000	1.000	0.941	1.000	1.000	0.947	1.000	1.000	0.947	1.000	1.000	1.000	1.000	1.000	1.000	1.000	1.000	1.000	0.947
1.000	1.000	1.000	1.000	1.000	0.857	1.000	0.857	1.000	0.429	1.000	1.000	1.000	1.000	1.000	1.000	1.000	1.000	1.000	1.000	1.000	1.000	0	0.857	1.000	1.000	1.000	1.000	1	1.000	0.000	1.000	1.000	0.000	1.000	1.000	0.429	1.000	1.000	1.000	1.000	1.000	1.000	1.000	1.000	1.000	1.000	1.000	1.000	1.000	1.000	1.000	1.000	1.000	1.000	1.000	1.000	1.000	1.000	0.857	1.000	1.000	1.000	1.000	1.000	1.000	1.000	1.000	1.000	1.000	1.000	1.000	1.000
1.000	1.000	0.978	1.000	1.000	0.685	0.989	0.263	1.000	0.809	1.000	1.000	0.876	1.000	0.968	0.400	1.000	1.000	1.000	1.000	0.730	1.000	0.857	0	1.000	1.000	0.714	1.000	1	1.000	0.985	0.989	0.923	0.966	0.966	1.000	0.674	1.000	1.000	1.000	1.000	0.962	1.000	1.000	0.984	0.917	1.000	1.000	0.933	0.730	1.000	1.000	0.000	0.944	0.876	1.000	0.941	1.000	1.000	0.753	0.820	0.985	0.876	0.978	1.000	1.000	1.000	0.944	1.000	1.000	1.000	1.000	1.000
0.979	0.904	0.691	1.000	1.000	0.996	0.990	1.000	0.992	1.000	1.000	1.000	1.000	1.000	1.000	1.000	1.000	1.000	0.993	1.000	0.876	1.000	1.000	1.000	0	0.990	1.000	1.000	1	1.000	1.000	1.000	1.000	0.957	1.000	1.000	0.996	1.000	1.000	1.000	1.000	1.000	0.840	0.952	1.000	1.000	1.000	1.000	0.993	0.906	1.000	1.000	1.000	0.790	1.000	1.000	1.000	1.000	0.902	1.000	1.000	1.000	0.571	0.988	1.000	1.000	1.000	0.966	1.000	1.000	1.000	0.933	1.000
0.947	0.847	0.714	1.000	1.000	1.000	1.000	1.000	1.000	1.000	1.000	1.000	1.000	1.000	1.000	1.000	1.000	1.000	1.000	1.000	0.929	1.000	1.000	1.000	0.990	0	1.000	1.000	1	1.000	1.000	1.000	1.000	0.878	0.990	0.878	1.000	1.000	1.000	1.000	1.000	1.000	0.653	1.000	1.000	1.000	1.000	1.000	1.000	0.990	1.000	1.000	1.000	0.439	1.000	1.000	1.000	1.000	0.927	1.000	1.000	1.000	0.592	1.000	1.000	1.000	1.000	0.929	1.000	1.000	1.000	1.000	1.000
1.000	1.000	0.971	1.000	1.000	0.286	1.000	0.895	1.000	0.971	1.000	1.000	0.857	1.000	1.000	0.667	1.000	1.000	1.000	1.000	0.943	1.000	1.000	0.714	1.000	1.000	0	1.000	1	1.000	1.000	0.971	1.000	1.000	1.000	1.000	0.286	1.000	1.000	1.000	1.000	1.000	1.000	1.000	1.000	1.000	1.000	0.095	0.286	0.943	1.000	1.000	0.952	1.000	0.857	1.000	1.000	1.000	1.000	1.000	0.886	1.000	1.000	1.000	1.000	1.000	1.000	1.000	1.000	1.000	1.000	1.000	1.000
1.000	1.000	1.000	1.000	1.000	1.000	1.000	1.000	1.000	1.000	1.000	1.000	1.000	1.000	1.000	1.000	1.000	1.000	1.000	1.000	1.000	1.000	1.000	1.000	1.000	1.000	1.000	0	1	1.000	1.000	1.000	1.000	1.000	1.000	1.000	1.000	1.000	1.000	1.000	1.000	1.000	1.000	1.000	1.000	1.000	1.000	1.000	1.000	1.000	1.000	1.000	1.000	1.000	1.000	1.000	1.000	1.000	1.000	1.000	1.000	1.000	1.000	1.000	1.000	1.000	1.000	1.000	1.000	1.000	1.000	1.000	1.000
1	1	1	1	1	1	1	1	1	1	1	1	1	1	1	1	1	1	1	1	1	1	1	1	1	1	1	1	0	1.000	1.000	1.000	1.000	1.000	1.000	1.000	1.000	1.000	1.000	1.000	1.000	1.000	1.000	1.000	1.000	1.000	1.000	1.000	1.000	1.000	1.000	1.000	1.000	1.000	1.000	1.000	1.000	1.000	1.000	1.000	1.000	1.000	1.000	1.000	1.000	1.000	1.000	1.000	1.000	1.000	1.000	1.000	1.000
1.000	1.000	1.000	1.000	1.000	0.970	0.905	1.000	1.000	0.993	1.000	1.000	0.993	1.000	1.000	1.000	1.000	1.000	1.000	1.000	0.993	0.947	1.000	1.000	1.000	1.000	1.000	1.000	1.000	0	1.000	0.993	1.000	0.993	1.000	1.000	0.970	1.000	1.000	1.000	0.900	0.962	1.000	0.952	0.873	0.917	1.000	1.000	1.000	0.993	1.000	1.000	1.000	1.000	0.993	1.000	0.941	0.829	1.000	0.965	0.955	1.000	1.000	0.993	1.000	1.000	1.000	1.000	1.000	1.000	1.000	1.000	1.000
1.000	1.000	1.000	1.000	0.969	0.800	1.000	0.947	1.000	0.923	1.000	0.985	0.969	0.000	0.935	1.000	1.000	1.000	0.985	1.000	0.908	1.000	0.000	0.985	1.000	1.000	1.000	1.000	1.000	1.000	0	0.985	1.000	0.000	1.000	0.877	0.738	1.000	0.786	1.000	1.000	1.000	1.000	1.000	1.000	1.000	1.000	1.000	1.000	1.000	1.000	0.817	1.000	1.000	1.000	1.000	1.000	1.000	1.000	0.969	1.000	1.000	0.969	1.000	1.000	0.969	0.032	1.000	1.000	1.000	1.000	1.000	0.808
0.989	1.000	1.000	1.000	0.800	0.582	0.990	1.000	1.000	0.000	0.000	0.971	0.879	0.964	0.935	1.000	1.000	1.000	1.000	0.960	0.957	0.947	1.000	0.989	1.000	1.000	0.971	1.000	1.000	0.993	0.985	0	1.000	0.957	0.993	1.000	0.000	1.000	1.000	1.000	0.900	0.962	1.000	1.000	1.000	0.833	1.000	1.000	0.823	0.965	1.000	0.917	1.000	1.000	0.993	1.000	0.882	1.000	1.000	0.746	0.993	1.000	0.957	0.972	1.000	0.887	1.000	1.000	1.000	1.000	1.000	1.000	0.962
1.000	1.000	0.000	1.000	1.000	1.000	1.000	0.923	1.000	0.769	1.000	1.000	1.000	1.000	1.000	1.000	1.000	1.000	1.000	1.000	1.000	1.000	1.000	0.923	1.000	1.000	1.000	1.000	1.000	1.000	1.000	1.000	0	0.846	1.000	1.000	0.769	1.000	1.000	1.000	1.000	1.000	1.000	1.000	1.000	1.000	1.000	1.000	1.000	1.000	1.000	1.000	1.000	1.000	1.000	1.000	1.000	1.000	1.000	1.000	1.000	0.000	1.000	0.846	1.000	1.000	1.000	1.000	1.000	1.000	1.000	1.000	1.000
0.926	0.933	0.975	1.000	0.963	0.953	0.924	0.842	0.892	0.938	1.000	0.993	0.992	0.000	0.581	1.000	1.000	1.000	0.993	1.000	0.973	0.947	0.000	0.966	0.957	0.878	1.000	1.000	1.000	0.993	0.000	0.957	0.846	0	0.994	0.000	0.938	1.000	0.000	0.866	0.900	0.962	1.000	0.905	0.952	0.917	1.000	1.000	1.000	0.984	1.000	0.800	0.952	0.976	0.997	1.000	0.882	0.971	1.000	0.974	0.948	0.971	0.980	0.000	1.000	0.981	0.000	0.995	1.000	0.938	0.971	1.000	0.808
1.000	1.000	1.000	1.000	1.000	0.994	0.981	0.947	1.000	0.994	1.000	1.000	0.994	1.000	0.968	1.000	1.000	1.000	1.000	1.000	0.963	1.000	1.000	0.966	1.000	0.990	1.000	1.000	1.000	1.000	1.000	0.993	1.000	0.994	0	1.000	0.988	1.000	1.000	0.890	1.000	1.000	1.000	0.952	0.984	1.000	1.000	1.000	1.000	0.963	1.000	0.983	1.000	0.994	0.994	1.000	1.000	1.000	1.000	1.000	0.945	1.000	0.914	1.000	1.000	1.000	1.000	0.994	1.000	1.000	0.800	1.000	1.000
0.989	0.933	1.000	1.000	1.000	0.983	1.000	1.000	0.942	1.000	1.000	1.000	1.000	1.000	1.000	1.000	1.000	1.000	1.000	1.000	1.000	1.000	1.000	1.000	1.000	0.878	1.000	1.000	1.000	1.000	0.877	1.000	1.000	0.000	1.000	0	0.983	1.000	1.000	1.000	1.000	1.000	1.000	1.000	1.000	1.000	1.000	1.000	1.000	1.000	1.000	0.950	1.000	0.943	1.000	1.000	1.000	1.000	1.000	1.000	1.000	1.000	0.949	1.000	1.000	1.000	0.710	1.000	1.000	1.000	1.000	1.000	1.000
0.798	0.993	0.877	1.000	0.800	0.000	0.867	0.737	0.983	0.000	0.000	0.000	0.902	0.929	0.000	0.867	1.000	1.000	0.317	0.940	0.736	0.895	0.429	0.674	0.996	1.000	0.286	1.000	1.000	0.970	0.738	0.000	0.769	0.938	0.988	0.983	0	1.000	1.000	0.976	0.600	0.808	1.000	1.000	0.841	0.667	1.000	0.000	0.000	0.911	1.000	0.000	0.714	0.982	0.892	1.000	0.765	0.943	0.927	0.000	0.896	0.941	0.770	0.944	1.000	0.900	0.645	0.972	1.000	0.000	0.914	1.000	0.769
1.000	1.000	1.000	1.000	1.000	1.000	1.000	1.000	1.000	1.000	1.000	1.000	1.000	1.000	1.000	1.000	1.000	1.000	1.000	1.000	1.000	1.000	1.000	1.000	1.000	1.000	1.000	1.000	1.000	1.000	1.000	1.000	1.000	1.000	1.000	1.000	1.000	0	1.000	1.000	1.000	1.000	1.000	1.000	1.000	1.000	1.000	1.000	1.000	1.000	1.000	1.000	1.000	1.000	1.000	1.000	1.000	1.000	1.000	1.000	1.000	1.000	1.000	1.000	1.000	1.000	1.000	1.000	1.000	1.000	1.000	1.000	1.000
1.000	1.000	1.000	1.000	1.000	1.000	1.000	1.000	1.000	1.000	1.000	1.000	1.000	1.000	1.000	1.000	1.000	1.000	1.000	1.000	1.000	1.000	1.000	1.000	1.000	1.000	1.000	1.000	1.000	1.000	0.786	1.000	1.000	0.000	1.000	1.000	1.000	1.000	0	1.000	1.000	1.000	1.000	1.000	1.000	1.000	1.000	1.000	1.000	1.000	1.000	1.000	1.000	1.000	1.000	1.000	1.000	1.000	1.000	1.000	1.000	1.000	1.000	1.000	1.000	1.000	0.786	1.000	1.000	1.000	1.000	1.000	1.000
1.000	1.000	0.951	1.000	1.000	0.976	0.976	1.000	1.000	1.000	1.000	1.000	0.927	1.000	1.000	1.000	1.000	1.000	1.000	1.000	0.951	1.000	1.000	1.000	1.000	1.000	1.000	1.000	1.000	1.000	1.000	1.000	1.000	0.866	0.890	1.000	0.976	1.000	1.000	0	1.000	1.000	1.000	1.000	0.968	1.000	1.000	1.000	0.976	0.951	1.000	1.000	1.000	1.000	0.927	1.000	1.000	1.000	1.000	1.000	0.390	1.000	0.817	1.000	1.000	1.000	1.000	1.000	1.000	1.000	0.943	0.733	1.000
1.000	1.000	1.000	1.000	1.000	0.600	0.000	1.000	1.000	0.900	1.000	1.000	1.000	1.000	1.000	1.000	1.000	1.000	1.000	0.900	1.000	1.000	1.000	1.000	1.000	1.000	1.000	1.000	1.000	0.900	1.000	0.900	1.000	0.900	1.000	1.000	0.600	1.000	1.000	1.000	0	0.300	1.000	1.000	1.000	0.900	1.000	1.000	1.000	1.000	1.000	1.000	1.000	1.000	1.000	1.000	0.500	1.000	1.000	0.600	1.000	1.000	1.000	0.900	1.000	1.000	1.000	1.000	1.000	1.000	1.000	1.000	1.000
1.000	1.000	1.000	1.000	1.000	0.808	0.000	1.000	1.000	0.923	1.000	1.000	1.000	1.000	1.000	0.867	1.000	1.000	1.000	1.000	0.923	1.000	1.000	0.962	1.000	1.000	1.000	1.000	1.000	0.962	1.000	0.962	1.000	0.962	1.000	1.000	0.808	1.000	1.000	1.000	0.300	0	1.000	1.000	0.615	0.833	1.000	1.000	1.000	0.923	1.000	1.000	1.000	0.962	1.000	1.000	0.647	1.000	1.000	0.808	1.000	1.000	0.731	0.962	1.000	1.000	1.000	1.000	1.000	1.000	1.000	1.000	1.000
0.947	0.948	0.797	1.000	1.000	1.000	1.000	1.000	1.000	1.000	1.000	1.000	1.000	1.000	1.000	1.000	1.000	1.000	1.000	1.000	0.970	1.000	1.000	1.000	0.840	0.653	1.000	1.000	1.000	1.000	1.000	1.000	1.000	1.000	1.000	1.000	1.000	1.000	1.000	1.000	1.000	1.000	0	1.000	1.000	1.000	1.000	1.000	1.000	0.996	1.000	1.000	1.000	0.641	1.000	1.000	1.000	1.000	0.927	1.000	1.000	1.000	0.771	1.000	1.000	1.000	1.000	0.970	1.000	1.000	1.000	1.000	1.000
1.000	1.000	1.000	1.000	1.000	1.000	0.000	1.000	1.000	1.000	1.000	1.000	1.000	1.000	1.000	1.000	1.000	1.000	1.000	1.000	1.000	1.000	1.000	1.000	0.952	1.000	1.000	1.000	1.000	0.952	1.000	1.000	1.000	0.905	0.952	1.000	1.000	1.000	1.000	1.000	1.000	1.000	1.000	0	1.000	1.000	1.000	1.000	1.000	1.000	1.000	1.000	1.000	0.952	1.000	1.000	1.000	1.000	1.000	1.000	1.000	1.000	0.952	0.905	1.000	1.000	1.000	1.000	1.000	1.000	0.952	1.000	1.000
1.000	1.000	1.000	1.000	1.000	0.905	0.000	1.000	0.667	0.921	1.000	1.000	1.000	1.000	1.000	0.933	1.000	1.000	1.000	1.000	0.857	0.842	1.000	0.984	1.000	1.000	1.000	1.000	1.000	0.873	1.000	1.000	1.000	0.952	0.984	1.000	0.841	1.000	1.000	0.968	1.000	0.615	1.000	1.000	0	0.917	1.000	1.000	0.968	0.873	1.000	1.000	1.000	0.968	1.000	1.000	0.941	0.829	1.000	0.937	0.905	1.000	0.825	1.000	1.000	1.000	1.000	0.984	1.000	1.000	0.971	1.000	0.962
1.000	1.000	1.000	1.000	1.000	0.667	0.833	1.000	1.000	0.750	1.000	1.000	1.000	1.000	1.000	1.000	1.000	1.000	1.000	1.000	1.000	1.000	1.000	0.917	1.000	1.000	1.000	1.000	1.000	0.917	1.000	0.833	1.000	0.917	1.000	1.000	0.667	1.000	1.000	1.000	0.900	0.833	1.000	1.000	0.917	0	1.000	1.000	1.000	1.000	1.000	1.000	0.917	1.000	1.000	1.000	0.000	1.000	1.000	0.667	1.000	1.000	1.000	0.917	1.000	1.000	1.000	1.000	1.000	1.000	1.000	1.000	1.000
1.000	1.000	1.000	1.000	1.000	1.000	1.000	1.000	1.000	1.000	1.000	1.000	1.000	1.000	1.000	1.000	1.000	1.000	1.000	1.000	1.000	1.000	1.000	1.000	1.000	1.000	1.000	1.000	1.000	1.000	1.000	1.000	1.000	1.000	1.000	1.000	1.000	1.000	1.000	1.000	1.000	1.000	1.000	1.000	1.000	1.000	0	1.000	1.000	1.000	1.000	1.000	1.000	1.000	1.000	1.000	1.000	1.000	1.000	1.000	1.000	1.000	1.000	1.000	1.000	1.000	1.000	1.000	1.000	1.000	1.000	1.000	1.000
1.000	1.000	0.952	1.000	1.000	0.000	1.000	1.000	1.000	0.952	1.000	1.000	0.952	1.000	1.000	1.000	1.000	1.000	1.000	1.000	0.952	1.000	1.000	1.000	1.000	1.000	0.095	1.000	1.000	1.000	1.000	1.000	1.000	1.000	1.000	1.000	0.000	1.000	1.000	1.000	1.000	1.000	1.000	1.000	1.000	1.000	1.000	0	0.095	0.952	1.000	1.000	1.000	1.000	0.952	1.000	1.000	1.000	1.000	0.952	0.952	1.000	1.000	1.000	1.000	1.000	1.000	1.000	1.000	1.000	1.000	1.000	1.000
0.809	1.000	0.945	1.000	1.000	0.000	0.981	1.000	1.000	0.828	1.000	1.000	0.786	1.000	1.000	0.867	1.000	1.000	1.000	1.000	0.710	1.000	1.000	0.933	0.993	1.000	0.286	1.000	1.000	1.000	1.000	0.823	1.000	1.000	1.000	1.000	0.000	1.000	1.000	0.976	1.000	1.000	1.000	1.000	0.968	1.000	1.000	0.095	0	0.717	1.000	1.000	1.000	0.952	0.786	1.000	1.000	1.000	1.000	1.000	0.834	1.000	0.752	1.000	1.000	1.000	1.000	0.952	1.000	1.000	0.971	1.000	1.000
0.979	0.963	0.874	1.000	0.900	0.859	0.924	0.895	0.992	0.957	0.957	1.000	0.961	1.000	0.968	1.000	1.000	1.000	0.972	0.820	0.000	0.947	1.000	0.730	0.906	0.990	0.943	1.000	1.000	0.993	1.000	0.965	1.000	0.984	0.963	1.000	0.911	1.000	1.000	0.951	1.000	0.923	0.996	1.000	0.873	1.000	1.000	0.952	0.717	0	1.000	1.000	0.667	0.693	0.959	1.000	1.000	0.914	0.927	0.965	0.937	0.985	0.827	0.975	1.000	0.950	1.000	0.460	1.000	1.000	0.943	0.933	0.923
1.000	1.000	1.000	1.000	1.000	1.000	1.000	1.000	1.000	1.000	1.000	1.000	1.000	1.000	1.000	1.000	1.000	1.000	1.000	1.000	1.000	1.000	1.000	1.000	1.000	1.000	1.000	1.000	1.000	1.000	1.000	1.000	1.000	1.000	1.000	1.000	1.000	1.000	1.000	1.000	1.000	1.000	1.000	1.000	1.000	1.000	1.000	1.000	1.000	1.000	0	1.000	1.000	1.000	1.000	1.000	1.000	1.000	1.000	1.000	1.000	1.000	1.000	1.000	1.000	1.000	1.000	1.000	1.000	1.000	1.000	1.000	1.000
1.000	1.000	0.450	1.000	1.000	0.000	1.000	1.000	0.983	0.900	1.000	1.000	0.983	1.000	0.871	1.000	1.000	1.000	1.000	1.000	0.917	1.000	1.000	1.000	1.000	1.000	1.000	1.000	1.000	1.000	0.817	0.917	1.000	0.800	0.983	0.950	0.000	1.000	1.000	1.000	1.000	1.000	1.000	1.000	1.000	1.000	1.000	1.000	1.000	1.000	1.000	0	1.000	1.000	0.983	1.000	1.000	1.000	1.000	1.000	0.967	0.983	1.000	1.000	1.000	1.000	0.645	1.000	1.000	1.000	0.943	1.000	0.808
1.000	1.000	0.952	1.000	1.000	0.762	1.000	0.632	1.000	0.905	1.000	1.000	0.952	1.000	0.952	1.000	1.000	1.000	1.000	1.000	0.667	1.000	1.000	0.000	1.000	1.000	0.952	1.000	1.000	1.000	1.000	1.000	1.000	0.952	1.000	1.000	0.714	1.000	1.000	1.000	1.000	1.000	1.000	1.000	1.000	0.917	1.000	1.000	1.000	0.667	1.000	1.000	0	0.952	0.952	1.000	0.941	1.000	1.000	0.762	0.905	1.000	0.952	0.952	1.000	1.000	1.000	0.952	1.000	1.000	1.000	1.000	1.000
0.851	0.348	0.662	1.000	0.988	0.969	0.962	0.947	0.992	0.991	1.000	1.000	0.896	1.000	1.000	0.933	1.000	1.000	0.789	0.980	0.453	0.947	1.000	0.944	0.790	0.439	1.000	1.000	1.000	1.000	1.000	1.000	1.000	0.976	0.994	0.943	0.982	1.000	1.000	1.000	1.000	0.962	0.641	0.952	0.968	1.000	1.000	1.000	0.952	0.693	1.000	1.000	0.952	0	0.994	1.000	1.000	0.971	0.427	0.974	0.956	0.750	0.616	0.988	0.588	0.787	1.000	0.000	1.000	1.000	1.000	0.733	1.000
0.809	1.000	0.949	1.000	0.988	0.898	1.000	0.895	1.000	0.995	1.000	0.986	0.000	1.000	1.000	0.600	1.000	1.000	0.986	1.000	0.946	1.000	1.000	0.876	1.000	1.000	0.857	1.000	1.000	0.993	1.000	0.993	1.000	0.997	0.994	1.000	0.892	1.000	1.000	0.927	1.000	1.000	1.000	1.000	1.000	1.000	1.000	0.952	0.786	0.959	1.000	0.983	0.952	0.994	0	1.000	1.000	1.000	0.988	1.000	0.474	0.794	0.869	0.994	1.000	0.994	1.000	0.994	1.000	1.000	1.000	1.000	1.000
1.000	1.000	1.000	1.000	1.000	1.000	1.000	1.000	1.000	1.000	1.000	1.000	1.000	1.000	1.000	1.000	1.000	1.000	1.000	1.000	1.000	1.000	1.000	1.000	1.000	1.000	1.000	1.000	1.000	1.000	1.000	1.000	1.000	1.000	1.000	1.000	1.000	1.000	1.000	1.000	1.000	1.000	1.000	1.000	1.000	1.000	1.000	1.000	1.000	1.000	1.000	1.000	1.000	1.000	1.000	0	1.000	1.000	1.000	1.000	1.000	1.000	1.000	1.000	1.000	1.000	1.000	1.000	1.000	1.000	1.000	1.000	1.000
1.000	1.000	1.000	1.000	1.000	0.765	0.647	1.000	0.941	0.824	1.000	1.000	1.000	1.000	1.000	1.000	1.000	1.000	1.000	1.000	1.000	0.941	1.000	0.941	1.000	1.000	1.000	1.000	1.000	0.941	1.000	0.882	1.000	0.882	1.000	1.000	0.765	1.000	1.000	1.000	0.500	0.647	1.000	1.000	0.941	0.000	1.000	1.000	1.000	1.000	1.000	1.000	0.941	1.000	1.000	1.000	0	1.000	1.000	0.765	1.000	1.000	1.000	0.941	1.000	1.000	1.000	1.000	1.000	1.000	1.000	1.000	1.000
0.971	1.000	1.000	1.000	1.000	0.943	0.829	1.000	1.000	1.000	1.000	1.000	1.000	1.000	1.000	1.000	1.000	1.000	1.000	1.000	0.914	1.000	1.000	1.000	1.000	1.000	1.000	1.000	1.000	0.829	1.000	1.000	1.000	0.971	1.000	1.000	0.943	1.000	1.000	1.000	1.000	1.000	1.000	1.000	0.829	1.000	1.000	1.000	1.000	0.914	1.000	1.000	1.000	0.971	1.000	1.000	1.000	0	1.000	0.943	0.829	1.000	1.000	0.971	1.000	1.000	1.000	0.971	1.000	1.000	0.486	1.000	1.000
0.988	0.317	0.768	1.000	1.000	1.000	1.000	1.000	1.000	0.927	1.000	1.000	0.939	1.000	1.000	1.000	1.000	1.000	0.976	1.000	0.683	1.000	1.000	1.000	0.902	0.927	1.000	1.000	1.000	1.000	1.000	1.000	1.000	1.000	1.000	1.000	0.927	1.000	1.000	1.000	1.000	1.000	0.927	1.000	1.000	1.000	1.000	1.000	1.000	0.927	1.000	1.000	1.000	0.427	0.988	1.000	1.000	1.000	0	1.000	0.927	0.971	0.646	1.000	0.975	0.976	1.000	0.756	1.000	1.000	1.000	1.000	1.000
1.000	1.000	1.000	1.000	1.000	0.000	0.924	0.737	0.991	0.561	1.000	0.991	1.000	0.964	1.000	1.000	1.000	1.000	1.000	1.000	0.965	0.947	0.857	0.753	1.000	1.000	1.000	1.000	1.000	0.965	0.969	0.746	1.000	0.974	1.000	1.000	0.000	1.000	1.000	1.000	0.600	0.808	1.000	1.000	0.937	0.667	1.000	0.952	1.000	0.965	1.000	1.000	0.762	0.974	1.000	1.000	0.765	0.943	1.000	0	1.000	1.000	1.000	0.991	1.000	1.000	1.000	0.974	1.000	1.000	1.000	1.000	1.000
0.830	0.919	0.948	1.000	0.988	0.904	0.943	0.947	1.000	0.995	1.000	0.986	0.474	1.000	0.968	0.733	1.000	1.000	0.986	0.940	0.893	1.000	1.000	0.820	1.000	1.000	0.886	1.000	1.000	0.955	1.000	0.993	1.000	0.948	0.945	1.000	0.896	1.000	1.000	0.390	1.000	1.000	1.000	1.000	0.905	1.000	1.000	0.952	0.834	0.937	1.000	0.967	0.905	0.956	0.474	1.000	1.000	0.829	0.927	1.000	0	0.971	0.833	0.988	1.000	0.994	1.000	0.959	1.000	1.000	0.971	0.733	1.000
1.000	0.956	0.000	1.000	0.926	0.985	1.000	0.947	1.000	0.956	1.000	1.000	0.191	1.000	1.000	1.000	1.000	1.000	0.985	1.000	0.926	1.000	1.000	0.985	1.000	1.000	1.000	1.000	1.000	1.000	1.000	1.000	0.000	0.971	1.000	1.000	0.941	1.000	1.000	1.000	1.000	1.000	1.000	1.000	1.000	1.000	1.000	1.000	1.000	0.985	1.000	0.983	1.000	0.750	0.794	1.000	1.000	1.000	0.971	1.000	0.971	0	0.779	0.971	1.000	0.926	1.000	0.956	1.000	1.000	1.000	1.000	1.000
0.915	0.452	0.813	1.000	1.000	0.887	0.829	0.895	0.975	0.972	1.000	0.302	0.823	0.964	1.000	0.867	1.000	1.000	0.000	1.000	0.701	0.947	1.000	0.876	0.571	0.592	1.000	1.000	1.000	1.000	0.969	0.957	1.000	0.980	0.914	0.949	0.770	1.000	1.000	0.817	1.000	0.731	0.771	0.952	0.825	1.000	1.000	1.000	0.752	0.827	1.000	1.000	0.952	0.616	0.869	1.000	1.000	1.000	0.646	1.000	0.833	0.779	0	1.000	0.562	0.781	0.968	0.740	1.000	1.000	0.886	0.000	0.962
0.989	1.000	0.988	1.000	1.000	0.994	0.971	0.895	0.983	0.969	1.000	1.000	0.994	1.000	0.806	1.000	1.000	1.000	1.000	1.000	0.975	1.000	1.000	0.978	0.988	1.000	1.000	1.000	1.000	0.993	1.000	0.972	0.846	0.000	1.000	1.000	0.944	1.000	1.000	1.000	0.900	0.962	1.000	0.905	1.000	0.917	1.000	1.000	1.000	0.975	1.000	1.000	0.952	0.988	0.994	1.000	0.941	0.971	1.000	0.991	0.988	0.971	1.000	0	1.000	1.000	1.000	0.988	1.000	1.000	0.971	1.000	1.000
1.000	0.975	1.000	1.000	1.000	1.000	1.000	1.000	1.000	1.000	1.000	1.000	0.000	1.000	1.000	1.000	1.000	1.000	0.625	1.000	0.613	1.000	1.000	1.000	1.000	1.000	1.000	1.000	1.000	1.000	1.000	1.000	1.000	1.000	1.000	1.000	1.000	1.000	1.000	1.000	1.000	1.000	1.000	1.000	1.000	1.000	1.000	1.000	1.000	1.000	1.000	1.000	1.000	0.588	1.000	1.000	1.000	1.000	0.975	1.000	1.000	1.000	0.562	1.000	0	0.000	1.000	0.613	1.000	1.000	1.000	1.000	1.000
1.000	0.985	0.969	1.000	0.000	1.000	1.000	1.000	1.000	0.900	0.304	1.000	0.000	0.929	1.000	1.000	1.000	1.000	0.789	1.000	0.756	1.000	1.000	1.000	1.000	1.000	1.000	1.000	1.000	1.000	0.969	0.887	1.000	0.981	1.000	1.000	0.900	1.000	1.000	1.000	1.000	1.000	1.000	1.000	1.000	1.000	1.000	1.000	1.000	0.950	1.000	1.000	1.000	0.787	0.994	1.000	1.000	1.000	0.976	1.000	0.994	0.926	0.781	1.000	0.000	0	1.000	0.800	1.000	1.000	1.000	1.000	1.000
0.968	1.000	1.000	1.000	1.000	0.645	1.000	1.000	1.000	1.000	1.000	1.000	1.000	1.000	0.935	1.000	1.000	1.000	0.968	1.000	0.806	1.000	1.000	1.000	1.000	1.000	1.000	1.000	1.000	1.000	0.032	1.000	1.000	0.000	1.000	0.710	0.645	1.000	0.786	1.000	1.000	1.000	1.000	1.000	1.000	1.000	1.000	1.000	1.000	1.000	1.000	0.645	1.000	1.000	1.000	1.000	1.000	1.000	1.000	1.000	1.000	1.000	0.968	1.000	1.000	1.000	0	1.000	1.000	1.000	1.000	1.000	0.808
0.979	0.859	0.827	1.000	0.988	0.969	0.990	0.947	1.000	0.991	1.000	1.000	0.907	1.000	1.000	1.000	1.000	1.000	0.789	0.980	0.000	1.000	1.000	0.944	0.966	0.929	1.000	1.000	1.000	1.000	1.000	1.000	1.000	0.995	0.994	1.000	0.972	1.000	1.000	1.000	1.000	1.000	0.970	1.000	0.984	1.000	1.000	1.000	0.952	0.460	1.000	1.000	0.952	0.000	0.994	1.000	1.000	0.971	0.756	0.974	0.959	0.956	0.740	0.988	0.613	0.800	1.000	0	1.000	1.000	1.000	0.733	1.000
1.000	1.000	1.000	1.000	1.000	1.000	1.000	1.000	1.000	1.000	1.000	1.000	1.000	1.000	1.000	1.000	1.000	1.000	1.000	1.000	1.000	1.000	1.000	1.000	1.000	1.000	1.000	1.000	1.000	1.000	1.000	1.000	1.000	1.000	1.000	1.000	1.000	1.000	1.000	1.000	1.000	1.000	1.000	1.000	1.000	1.000	1.000	1.000	1.000	1.000	1.000	1.000	1.000	1.000	1.000	1.000	1.000	1.000	1.000	1.000	1.000	1.000	1.000	1.000	1.000	1.000	1.000	1.000	0	1.000	1.000	1.000	1.000
1.000	1.000	1.000	1.000	1.000	1.000	1.000	1.000	1.000	0.125	1.000	1.000	1.000	1.000	0.000	1.000	1.000	1.000	1.000	1.000	1.000	1.000	1.000	1.000	1.000	1.000	1.000	1.000	1.000	1.000	1.000	1.000	1.000	0.938	1.000	1.000	0.000	1.000	1.000	1.000	1.000	1.000	1.000	1.000	1.000	1.000	1.000	1.000	1.000	1.000	1.000	1.000	1.000	1.000	1.000	1.000	1.000	1.000	1.000	1.000	1.000	1.000	1.000	1.000	1.000	1.000	1.000	1.000	1.000	0	1.000	1.000	1.000
1.000	1.000	1.000	1.000	1.000	0.914	0.943	1.000	1.000	1.000	1.000	1.000	1.000	1.000	1.000	1.000	1.000	1.000	1.000	1.000	0.943	1.000	1.000	1.000	1.000	1.000	1.000	1.000	1.000	1.000	1.000	1.000	1.000	0.971	0.800	1.000	0.914	1.000	1.000	0.943	1.000	1.000	1.000	0.952	0.971	1.000	1.000	1.000	0.971	0.943	1.000	0.943	1.000	1.000	1.000	1.000	1.000	0.486	1.000	1.000	0.971	1.000	0.886	0.971	1.000	1.000	1.000	1.000	1.000	1.000	0	1.000	1.000
1.000	1.000	0.333	1.000	1.000	1.000	1.000	1.000	1.000	1.000	1.000	1.000	1.000	1.000	1.000	1.000	1.000	1.000	1.000	1.000	0.667	1.000	1.000	1.000	0.933	1.000	1.000	1.000	1.000	1.000	1.000	1.000	1.000	1.000	1.000	1.000	1.000	1.000	1.000	0.733	1.000	1.000	1.000	1.000	1.000	1.000	1.000	1.000	1.000	0.933	1.000	1.000	1.000	0.733	1.000	1.000	1.000	1.000	1.000	1.000	0.733	1.000	0.000	1.000	1.000	1.000	1.000	0.733	1.000	1.000	1.000	0	1.000
1.000	1.000	1.000	1.000	1.000	0.808	0.962	1.000	0.962	0.962	1.000	1.000	1.000	1.000	1.000	1.000	1.000	1.000	1.000	1.000	0.000	0.947	1.000	1.000	1.000	1.000	1.000	1.000	1.000	1.000	0.808	0.962	1.000	0.808	1.000	1.000	0.769	1.000	1.000	1.000	1.000	1.000	1.000	1.000	0.962	1.000	1.000	1.000	1.000	0.923	1.000	0.808	1.000	1.000	1.000	1.000	1.000	1.000	1.000	1.000	1.000	1.000	0.962	1.000	1.000	1.000	0.808	1.000	1.000	1.000	1.000	1.000	0
